   0.195E+11   0.949E+10   0.974E+10   0.616E+09  -0.212E+10   0.260E+10

   0.949E+10   0.195E+11   0.974E+10   0.212E+10  -0.616E+09   0.260E+10

   0.974E+10   0.974E+10   0.214E+11   0.259E+10  -0.259E+10   0.133E+10

   0.616E+09   0.212E+10   0.259E+10   0.645E+10  -0.227E+09   0.654E+09

  -0.212E+10  -0.616E+09  -0.259E+10  -0.227E+09   0.645E+10  -0.654E+09

   0.260E+10   0.260E+10   0.133E+10   0.654E+09  -0.654E+09   0.672E+10

