---------------------------------c_TTI--------------------------------
   0.195E+11   0.949E+10   0.974E+10   0.616E+09  -0.212E+10   0.260E+10

   0.949E+10   0.195E+11   0.974E+10   0.212E+10  -0.616E+09   0.260E+10

   0.974E+10   0.974E+10   0.214E+11   0.259E+10  -0.259E+10   0.133E+10

   0.616E+09   0.212E+10   0.259E+10   0.645E+10  -0.227E+09   0.654E+09

  -0.212E+10  -0.616E+09  -0.259E+10  -0.227E+09   0.645E+10  -0.654E+09

   0.260E+10   0.260E+10   0.133E+10   0.654E+09  -0.654E+09   0.672E+10

------p11---------p12---------p22----------R-----------Q1---------Q3----------b11---------b22---------b33-----
   0.217E+04  -0.830E+02   0.191E+03   0.331E+09   0.107E+10   0.109E+10   0.144E+01   0.144E+01   0.112E+01

------xmin--------xmax--------zmin--------zmax---------------
   0.000E+00   0.500E+03   0.000E+00   0.500E+03

-----delt_x-----delt_z-------
   0.200E+01   0.200E+01

---模型文件---
 modelpar.dat                                                                   
  
